Consensus (R1)

693 (R2)

808 (R3)

813
R2 [481 482 483 502 503 504]
R3 [23 180 187 237 382 1351 1361 1375 1376 1391 1392 1397 1429 1442 1459 1460 1461 1462 1463 1464 1465 1466 1467 1496 1497 1533 2502]
Unique in query [143 189 924 1353 1402 1434 1590 1593 1705 1713 1746 1771 1852 1917 1926 1927 2540]
Multiple matches [13 231 439 441 446 447 449 452 472 473 474 475 476 477 478 479 480 505 506 507 508 509 510 511 512 513 514 518 522 524 526 527 528 530 531 533 534 536 537 538 539 540 541 543 568 580 581 582 586 587 593 595 598 602 603 618 645 646 679 683 684 722 750 771 772 774 849 872 882 909 949 959 971 1004 1044 1082 1140 1154 1198 1208 1241 1502 1996 2118 2124 2125 2151 2153 2160 2163 2214 2224 2225 2226 2336 2379 2383 2412 2764 2797 2809 2838]

698
R3 [472 473 474 475 476 477 478 479 480 505 506 507 508 509 510 511 512 513]
Unique in query [28 469 470 471 514 515 516 894 2360]
Multiple matches [13 23 180 187 231 237 382 439 441 446 447 449 452 481 482 483 502 503 504 518 522 524 526 527 528 530 531 533 534 536 537 538 539 540 541 543 568 580 581 582 586 587 593 595 598 602 603 618 645 646 679 683 684 722 750 771 772 774 849 872 882 909 949 959 971 1004 1044 1082 1140 1154 1198 1208 1241 1351 1361 1375 1376 1391 1392 1397 1429 1442 1459 1460 1461 1462 1463 1464 1465 1466 1467 1496 1497 1502 1533 1996 2118 2124 2125 2151 2153 2160 2163 2214 2224 2225 2226 2336 2379 2383 2412 2502 2764 2797 2809 2838]

697
R2 [481 482 483 502 503 504]
Unique in query [22]
Multiple matches [13 23 180 187 231 237 382 439 441 446 447 449 452 472 473 474 475 476 477 478 479 480 505 506 507 508 509 510 511 512 513 514 518 522 524 526 527 528 530 531 533 534 536 537 538 539 540 541 543 568 580 581 582 586 587 593 595 598 602 603 618 645 646 679 683 684 722 750 771 772 774 849 872 882 909 949 959 971 1004 1044 1082 1140 1154 1198 1208 1241 1351 1361 1375 1376 1391 1392 1397 1429 1442 1459 1460 1461 1462 1463 1464 1465 1466 1467 1496 1497 1502 1533 1996 2118 2124 2125 2151 2153 2160 2163 2214 2224 2225 2226 2336 2379 2383 2412 2502 2764 2797 2809 2838]

812
R3 [23 180 187 237 382 439 472 473 474 475 476 477 478 479 480 505 506 507 508 509 510 511 512 513 524 528 530 538 539 540 543 568 580 593 598 602 603 618 679 684 750 774 872 882 909 949 959 971 1004 1044 1082 1140 1154 1198 1208 1241 1351 1361 1375 1376 1391 1392 1397 1429 1442 1459 1460 1461 1462 1463 1464 1465 1466 1467 1496 1497 1533 2118 2124 2151 2153 2160 2163 2225 2226 2336 2383 2502 2797 2809]
Unique in query [143 189 450 451 452 456 514 515 516 517 518 521 525 532 533 535 536 537 542 552 645 682 852 917 987 1012 1353 1402 1434 1590 1593 1705 1713 1746 1771 1852 1917 1926 1927 2091 2196 2429 2540 2823 2880]
Multiple matches [13 231 441 446 447 449 481 482 483 502 503 504 522 526 527 531 534 541 581 582 586 587 595 646 683 722 771 772 849 1502 1996 2125 2214 2224 2379 2412 2764 2838]

814
R3 [475 476 477 478 479 480 505 506 507]
Unique in query [11 274 450 1162 2618]
Multiple matches [13 23 180 187 231 237 382 439 441 446 447 449 452 472 473 474 481 482 483 502 503 504 508 509 510 511 512 513 514 518 522 524 526 527 528 530 531 533 534 536 537 538 539 540 541 543 568 580 581 582 586 587 593 595 598 602 603 618 645 646 679 683 684 722 750 771 772 774 849 872 882 909 949 959 971 1004 1044 1082 1140 1154 1198 1208 1241 1351 1361 1375 1376 1391 1392 1397 1429 1442 1459 1460 1461 1462 1463 1464 1465 1466 1467 1496 1497 1502 1533 1996 2118 2124 2125 2151 2153 2160 2163 2214 2224 2225 2226 2336 2379 2383 2412 2502 2764 2797 2809 2838]

806
R2 [481 482 483 502 503 504]
Unique in query [11]
Multiple matches [13 23 180 187 231 237 382 439 441 446 447 449 452 472 473 474 475 476 477 478 479 480 505 506 507 508 509 510 511 512 513 514 518 522 524 526 527 528 530 531 533 534 536 537 538 539 540 541 543 568 580 581 582 586 587 593 595 598 602 603 618 645 646 679 683 684 722 750 771 772 774 849 872 882 909 949 959 971 1004 1044 1082 1140 1154 1198 1208 1241 1351 1361 1375 1376 1391 1392 1397 1429 1442 1459 1460 1461 1462 1463 1464 1465 1466 1467 1496 1497 1502 1533 1996 2118 2124 2125 2151 2153 2160 2163 2214 2224 2225 2226 2336 2379 2383 2412 2502 2764 2797 2809 2838]

810
R3 [180 187 382 439 447 449 514 518 522 524 526 527 528 533 534 536 537 538 539 540 541 543 593 618 645 684 774 2118 2124 2163 2383]
Unique in query [14 55 427 456 464 467 470 472 474 476 479 480 507 509 512 513 520 529 530 586 783 2388]
Multiple matches [13 23 231 237 441 446 452 473 475 477 478 481 482 483 502 503 504 505 506 508 510 511 531 568 580 581 582 587 595 598 602 603 646 679 683 722 750 771 772 849 872 882 909 949 959 971 1004 1044 1082 1140 1154 1198 1208 1241 1351 1361 1375 1376 1391 1392 1397 1429 1442 1459 1460 1461 1462 1463 1464 1465 1466 1467 1496 1497 1502 1533 1996 2125 2151 2153 2160 2214 2224 2225 2226 2336 2379 2412 2502 2764 2797 2809 2838]

809
R3 [472 473 474 475 476 477 478 479 480 505 506 507 508 509 510 511 512 513]
Unique in query [22 469 470 471 514 515 516 1833]
Multiple matches [13 23 180 187 231 237 382 439 441 446 447 449 452 481 482 483 502 503 504 518 522 524 526 527 528 530 531 533 534 536 537 538 539 540 541 543 568 580 581 582 586 587 593 595 598 602 603 618 645 646 679 683 684 722 750 771 772 774 849 872 882 909 949 959 971 1004 1044 1082 1140 1154 1198 1208 1241 1351 1361 1375 1376 1391 1392 1397 1429 1442 1459 1460 1461 1462 1463 1464 1465 1466 1467 1496 1497 1502 1533 1996 2118 2124 2125 2151 2153 2160 2163 2214 2224 2225 2226 2336 2379 2383 2412 2502 2764 2797 2809 2838]

696
R3 [23 180 187 231 237 382 439 441 446 447 449 452 472 473 474 475 476 477 478 479 480 505 506 507 508 509 510 511 512 513 514 518 522 524 526 527 528 530 531 533 534 536 537 538 539 540 541 543 568 580 581 582 586 587 593 595 598 602 603 618 645 646 679 683 684 722 750 771 772 774 849 872 882 909 949 959 971 1004 1044 1082 1140 1154 1198 1208 1241 1351 1361 1375 1376 1391 1392 1397 1429 1442 1459 1460 1461 1462 1463 1464 1465 1466 1467 1496 1497 1502 1533 1996 2118 2124 2151 2153 2160 2163 2214 2224 2225 2226 2336 2383 2412 2502 2797 2809 2838]
Multiple matches [13 481 482 483 502 503 504 2125 2379 2764]

695
R3 [23 180 187 237 382 439 472 473 474 475 476 477 478 479 480 505 506 507 508 509 510 511 512 513 524 528 530 538 539 540 543 568 580 593 598 602 603 618 679 684 750 774 872 882 909 949 959 971 1004 1044 1082 1140 1154 1198 1208 1241 1351 1361 1375 1376 1391 1392 1397 1429 1442 1459 1460 1461 1462 1463 1464 1465 1466 1467 1496 1497 1533 2118 2124 2151 2153 2160 2163 2225 2226 2336 2383 2502 2797 2809]
Unique in query [143 189 450 451 452 456 514 515 516 517 518 521 525 532 533 535 536 537 542 552 645 682 852 917 987 1012 1353 1402 1434 1590 1593 1705 1713 1746 1771 1807 1852 1917 1926 1927 2091 2196 2429 2540 2823 2880]
Multiple matches [13 231 441 446 447 449 481 482 483 502 503 504 522 526 527 531 534 541 581 582 586 587 595 646 683 722 771 772 849 1502 1996 2125 2214 2224 2379 2412 2764 2838]

807

700
R2 [13]
R3 [23 180 187 231 237 382 439 441 446 447 449 452 472 473 474 475 476 477 478 479 480 505 506 507 508 509 510 511 512 513 514 518 522 524 526 527 528 530 531 533 534 536 537 538 539 540 541 543 568 580 581 582 586 587 593 595 598 602 603 618 645 646 679 683 684 722 750 771 772 774 849 872 882 909 949 959 971 1004 1044 1082 1140 1154 1198 1208 1241 1351 1361 1375 1376 1391 1392 1397 1429 1442 1459 1460 1461 1462 1463 1464 1465 1466 1467 1496 1497 1502 1533 1996 2118 2124 2151 2153 2160 2163 2214 2224 2225 2226 2336 2383 2412 2502 2797 2809 2838]
Unique in query [1132 1729 2728]
Multiple matches [481 482 483 502 503 504 2125 2379 2764]

805
R2 [481 482 483 502 503 504]
Unique in query [22 931 1710]
Multiple matches [13 23 180 187 231 237 382 439 441 446 447 449 452 472 473 474 475 476 477 478 479 480 505 506 507 508 509 510 511 512 513 514 518 522 524 526 527 528 530 531 533 534 536 537 538 539 540 541 543 568 580 581 582 586 587 593 595 598 602 603 618 645 646 679 683 684 722 750 771 772 774 849 872 882 909 949 959 971 1004 1044 1082 1140 1154 1198 1208 1241 1351 1361 1375 1376 1391 1392 1397 1429 1442 1459 1460 1461 1462 1463 1464 1465 1466 1467 1496 1497 1502 1533 1996 2118 2124 2125 2151 2153 2160 2163 2214 2224 2225 2226 2336 2379 2383 2412 2502 2764 2797 2809 2838]

811
R3 [23 180 187 237 382 439 441 452 472 473 474 475 476 477 478 479 480 505 506 507 508 509 510 511 512 513 514 522 524 526 527 528 530 533 536 537 538 539 540 541 543 568 580 593 598 602 603 618 679 684 722 750 774 849 872 882 909 949 959 1004 1044 1082 1140 1154 1198 1208 1351 1361 1375 1376 1391 1392 1397 1429 1442 1459 1460 1461 1462 1463 1464 1465 1466 1467 1496 1497 1502 1533 2118 2124 2151 2153 2160 2163 2226 2383 2502 2797 2809]
Unique in query [179 220 337 445 447 518 529 552 622 645 682 754 917 918 1012 1103 1200 1221 1234 1255 1256 1263 1264 1316 1372 1771 2001 2047 2211 2242 2540 2829]
Multiple matches [13 231 446 449 481 482 483 502 503 504 531 534 581 582 586 587 595 646 683 771 772 971 1241 1996 2125 2214 2224 2225 2336 2379 2412 2764 2838]

804
R2 [481 482 483 502 503 504]
Unique in query [11 636]
Multiple matches [13 23 180 187 231 237 382 439 441 446 447 449 452 472 473 474 475 476 477 478 479 480 505 506 507 508 509 510 511 512 513 514 518 522 524 526 527 528 530 531 533 534 536 537 538 539 540 541 543 568 580 581 582 586 587 593 595 598 602 603 618 645 646 679 683 684 722 750 771 772 774 849 872 882 909 949 959 971 1004 1044 1082 1140 1154 1198 1208 1241 1351 1361 1375 1376 1391 1392 1397 1429 1442 1459 1460 1461 1462 1463 1464 1465 1466 1467 1496 1497 1502 1533 1996 2118 2124 2125 2151 2153 2160 2163 2214 2224 2225 2226 2336 2379 2383 2412 2502 2764 2797 2809 2838]

694
R2 [13 481 482 483 502 503 504]
Multiple matches [23 180 187 231 237 382 439 441 446 447 449 452 472 473 474 475 476 477 478 479 480 505 506 507 508 509 510 511 512 513 514 518 522 524 526 527 528 530 531 533 534 536 537 538 539 540 541 543 568 580 581 582 586 587 593 595 598 602 603 618 645 646 679 683 684 722 750 771 772 774 849 872 882 909 949 959 971 1004 1044 1082 1140 1154 1198 1208 1241 1351 1361 1375 1376 1391 1392 1397 1429 1442 1459 1460 1461 1462 1463 1464 1465 1466 1467 1496 1497 1502 1533 1996 2118 2124 2125 2151 2153 2160 2163 2214 2224 2225 2226 2336 2379 2383 2412 2502 2764 2797 2809 2838]

699
R2 [481 482 483 502 503 504]
Unique in query [2356]
Multiple matches [13 23 180 187 231 237 382 439 441 446 447 449 452 472 473 474 475 476 477 478 479 480 505 506 507 508 509 510 511 512 513 514 518 522 524 526 527 528 530 531 533 534 536 537 538 539 540 541 543 568 580 581 582 586 587 593 595 598 602 603 618 645 646 679 683 684 722 750 771 772 774 849 872 882 909 949 959 971 1004 1044 1082 1140 1154 1198 1208 1241 1351 1361 1375 1376 1391 1392 1397 1429 1442 1459 1460 1461 1462 1463 1464 1465 1466 1467 1496 1497 1502 1533 1996 2118 2124 2125 2151 2153 2160 2163 2214 2224 2225 2226 2336 2379 2383 2412 2502 2764 2797 2809 2838]

